0.255936 0.598934 0.145129
0.114474 0.336502 0.549024
0.047134 0.297834 0.655032
0.097644 0.454500 0.447856
0.594836 0.137116 0.268049
0.038892 0.168152 0.792956
0.254961 0.217067 0.527971
0.140683 0.718409 0.140908
0.566893 0.097491 0.335615
0.329112 0.153581 0.517307
0.028990 0.320545 0.650466
0.094025 0.228183 0.677792
0.112493 0.767033 0.120475
0.210627 0.285300 0.504073
0.107253 0.728695 0.164052
0.271102 0.517748 0.211150
0.134751 0.605152 0.260098
0.428072 0.525471 0.046457
0.047800 0.635737 0.316463
0.007966 0.674469 0.317565
0.686459 0.001557 0.311984
0.293768 0.665988 0.040243
0.414176 0.170331 0.415492
0.135633 0.750255 0.114112
0.422411 0.408785 0.168804
0.351808 0.516375 0.131817
0.349997 0.220525 0.429478
0.671385 0.264644 0.063971
0.133372 0.360448 0.506180
0.436166 0.259371 0.304462
0.282467 0.705091 0.012442
0.060641 0.867501 0.071858
0.154976 0.183267 0.661756
0.232456 0.079356 0.688188
0.224026 0.756777 0.019197
0.017052 0.796178 0.186771
0.478353 0.178219 0.343429
0.086297 0.379820 0.533883
0.198346 0.189910 0.611744
0.339206 0.018396 0.642398
0.245582 0.532353 0.222065
0.180084 0.041195 0.778720
0.590055 0.007605 0.402340
0.161853 0.612286 0.225861
0.133510 0.133419 0.733071
0.094075 0.733495 0.172430
0.201756 0.640234 0.158010
0.558007 0.140137 0.301856
0.140171 0.321420 0.538409
0.438794 0.047590 0.513616
0.011020 0.556653 0.432327
0.049292 0.126868 0.823840
0.072175 0.750492 0.177333
0.112050 0.861713 0.026237
0.707536 0.063293 0.229171
0.150299 0.541324 0.308377
0.135816 0.653280 0.210904
0.588158 0.289633 0.122209
0.423556 0.042652 0.533792
0.519794 0.395328 0.084878
0.866159 0.075296 0.058545
0.702328 0.183656 0.114016
0.049347 0.681073 0.269581
0.081562 0.289866 0.628572
0.603756 0.021003 0.375241
0.002053 0.261263 0.736684
0.197644 0.516021 0.286335
0.505112 0.085995 0.408892
0.070252 0.916155 0.013593
0.083065 0.045703 0.871232
0.400702 0.585928 0.013370
0.563720 0.280687 0.155594
0.751158 0.065763 0.183079
0.110211 0.555896 0.333893
0.842993 0.108558 0.048449
0.496760 0.377436 0.125804
0.027599 0.823117 0.149285
0.042709 0.897810 0.059481
0.325787 0.233810 0.440403
0.094145 0.203410 0.702445
0.265356 0.590799 0.143845
0.753188 0.030461 0.216351
0.129060 0.475474 0.395465
0.013729 0.000676 0.985595
0.110687 0.371622 0.517691
0.002943 0.246694 0.750363
0.926057 0.024303 0.049639
0.423132 0.333116 0.243752
0.397125 0.173377 0.429498
0.321454 0.176343 0.502204
0.045165 0.379470 0.575364
0.351526 0.344270 0.304204
0.215217 0.301567 0.483216
0.482521 0.125733 0.391746
0.111258 0.509739 0.379003
0.519184 0.220435 0.260381
0.199771 0.117029 0.683200
0.349553 0.381884 0.268563
0.021992 0.067752 0.910256
0.377234 0.444081 0.178686
0.501358 0.204118 0.294525
0.145038 0.377923 0.477039
0.026298 0.177401 0.796300
0.903344 0.082962 0.013694
0.255207 0.370345 0.374448
0.048987 0.930350 0.020663
0.297988 0.407415 0.294597
0.086081 0.517714 0.396205
0.552114 0.422558 0.025329
0.171379 0.566596 0.262025
0.359606 0.627994 0.012399
0.006672 0.249373 0.743955
0.387288 0.092962 0.519750
0.437930 0.299614 0.262456
0.608224 0.031314 0.360462
0.403258 0.359287 0.237455
0.935629 0.047474 0.016897
0.652814 0.091999 0.255186
0.260512 0.168564 0.570924
0.176773 0.201681 0.621546
0.073310 0.827449 0.099241
0.528303 0.233837 0.237860
0.149851 0.039709 0.810440
0.223430 0.681224 0.095347
0.049955 0.814843 0.135202
0.030740 0.776549 0.192711
0.678021 0.096793 0.225186
0.178083 0.294986 0.526932
0.939719 0.060099 0.000182
0.077846 0.487306 0.434847
0.063361 0.530904 0.405735
0.366833 0.042565 0.590602
0.726700 0.044880 0.228420
0.851898 0.058232 0.089870
0.137814 0.237922 0.624264
0.045090 0.089808 0.865102
0.394229 0.028850 0.576921
0.589752 0.389045 0.021203
0.353493 0.451314 0.195194
0.375015 0.035531 0.589455
0.067396 0.644686 0.287917
0.133717 0.130973 0.735311
0.109676 0.446981 0.443343
0.322241 0.027448 0.650311
0.309208 0.039279 0.651513
0.621341 0.028772 0.349887
0.518010 0.147281 0.334709
0.918073 0.017925 0.064002
0.147028 0.700683 0.152289
0.311961 0.433882 0.254158
0.290063 0.596212 0.113725
0.830804 0.140369 0.028827
0.145526 0.434481 0.419993
0.373149 0.550900 0.075951
0.979886 0.016952 0.003163
0.379008 0.393450 0.227542
0.176911 0.161160 0.661929
0.635973 0.348262 0.015765
0.879684 0.029228 0.091088
0.005878 0.658151 0.335971
0.253053 0.722205 0.024742
0.297200 0.151028 0.551772
0.490071 0.483568 0.026361
0.564732 0.418083 0.017185
0.152780 0.819902 0.027318
0.376707 0.538099 0.085194
0.084923 0.795650 0.119427
0.158432 0.530955 0.310613
0.131346 0.111919 0.756735
0.890933 0.041212 0.067856
0.388371 0.253343 0.358286
0.133408 0.387523 0.479069
0.801826 0.052360 0.145814
0.019162 0.402022 0.578816
0.483272 0.472487 0.044240
0.129662 0.496779 0.373559
0.033488 0.485655 0.480857
0.536664 0.024903 0.438433
0.829592 0.034320 0.136089
0.528687 0.298426 0.172887
0.748922 0.081217 0.169860
0.119393 0.712186 0.168421
0.050981 0.325679 0.623340
0.826371 0.119462 0.054167
0.395975 0.396962 0.207063
0.847127 0.110343 0.042531
0.494684 0.058076 0.447241
0.619040 0.048201 0.332758
0.517910 0.010694 0.471396
0.307502 0.432414 0.260085
0.033414 0.720203 0.246383
0.280938 0.579429 0.139633
0.405680 0.504117 0.090203
0.329999 0.149869 0.520132
0.118984 0.601725 0.279291
0.927727 0.046891 0.025381
0.086424 0.502076 0.411499
0.287499 0.634474 0.078027
0.712666 0.246525 0.040808
